dBx=  -0.02060197018
dBy=  -0.01081602299
dBz=   0.02147245139
sfx=  -0.15357704789
sfy=  -0.20530241352
sfz=  -0.09231801142